[49.01448695863135, 8.419349491596222],
[49.0137973570378, 8.419290482997894],
[49.01379383863784, 8.419397771358488],
[49.01388179856251, 8.419558703899384],
[49.014476403576914, 8.419609665870667]


(Reihen) Wände linke Seite:   49.01448696 - (0.000689603 x %)
[49.01443214, 8.4193448],
[49.01438917, 8.419341124],
[49.01433545, 8.419336527],
[49.01429235, 8.419332839],
[49.01424939, 8.419329163],
[49.01421733, 8.419326413],
[49.01417388, 8.419322702],
[49.01412037, 8.419318123],
[49.01408802, 8.419315355],
[49.01405582, 8.419312599],
[49.01402348, 8.419309832],
[49.01399134, 8.419307082],
[49.01394838, 8.419302934],
[49.01391604, 8.419300638]


X Werte 
408,609, 701, 705, 755, 804, 852, 948, 1152
0, 27.02, 39.38, 39.92, 46.64, 53.23, 59.68, 72.58,  
744 0-100
(Spalten) 8,4193494917 + 0.0003163784 x %

